{"metadata":{"version":4.3,"type":"Object","generator":"ObjectExporter"},"geometries":[{"uuid":"c432b333-a471-48c9-8277-028d38d4557e","type":"Geometry","data":{"vertices":[],"normals":[],"faces":[]}},{"uuid":"2179882d-049b-42ce-a078-5b9ef90826c9","type":"Geometry","data":{"vertices":[],"normals":[],"faces":[]}},{"uuid":"fa92b011-9b12-4d7f-b379-ded5f4e2f675","type":"Geometry","data":{"vertices":[],"normals":[],"faces":[]}}],"materials":[{"uuid":"63BB18A9-27A1-4DC0-9644-3B69EB2A885F","type":"MeshBasicMaterial","color":13013429,"opacity":1,"transparent":false,"wireframe":false},{"uuid":"60B15B14-0417-4BF3-9B54-22DE0CFC53E9","type":"MeshBasicMaterial","color":14685985,"opacity":1,"transparent":false,"wireframe":false},{"uuid":"8C321416-F8E6-4F47-8776-9C71F64D5EA1","type":"MeshBasicMaterial","color":15334067,"opacity":1,"transparent":false,"wireframe":false}],"object":{"uuid":"D700ECEC-EB52-435D-8BC0-12CA10D7DACB","type":"Scene","matrix":[1,0,0,0,0,1,0,0,0,0,1,0,0,0,0,1],"children":[{"uuid":"42d3e376-4786-4d07-bbe9-eef1d8ac15a1","name":"Dinosaur_V02","type":"Mesh","geometry":"c432b333-a471-48c9-8277-028d38d4557e","material":"63BB18A9-27A1-4DC0-9644-3B69EB2A885F","castShadow":false,"receiveShadow":false,"matrix":[1,0,0,0,0,1,0,0,0,0,1,0,0,0,0,1]},{"uuid":"f0e003d8-3555-4f6b-8aaa-82cefd667265","name":"LightPreset","type":"Mesh","geometry":"2179882d-049b-42ce-a078-5b9ef90826c9","material":"60B15B14-0417-4BF3-9B54-22DE0CFC53E9","castShadow":false,"receiveShadow":false,"matrix":[1,0,0,0,0,1,0,0,0,0,1,0,-0.11192044615745544,0.5821923017501831,0.005604030564427376,1],"children":[{"uuid":"0deeb3df-22b0-4143-8928-575219001e6a","name":"BackLight","type":"DirectionalLight","color":7838134,"intensity":0.75,"castShadow":true,"shadowBias":0,"shadowDarkness":0.1,"shadowCameraNear":11.8081,"shadowCameraFar":47.2325,"shadowMapWidth":1024,"shadowMapHeight":1024,"shadowCameraLeft":-2.0452,"shadowCameraRight":2.0452,"shadowCameraTop":2.0452,"shadowCameraBottom":-2.0452,"matrix":[-0.11775826662778854,0.794736385345459,0.5954217910766602,0,0.794736385345459,0.4349351227283478,-0.42335033416748047,0,-0.5954217910766602,0.42335036396980286,-0.682823121547699,0,-14.061626434326172,9.997945785522461,-16.12571907043457,1]},{"uuid":"13523748-5d84-4a95-bb2c-74eed2b4ad38","name":"FillLight","type":"DirectionalLight","color":15062196,"intensity":0.85,"castShadow":true,"shadowBias":0,"shadowDarkness":0.1,"shadowCameraNear":22.6877,"shadowCameraFar":90.7508,"shadowMapWidth":1024,"shadowMapHeight":1024,"shadowCameraLeft":-2.0452,"shadowCameraRight":2.0452,"shadowCameraTop":2.0452,"shadowCameraBottom":-2.0452,"matrix":[0.3981274366378784,-0.48951199650764465,-0.7758044600486755,0,-0.48951196670532227,0.6018725633621216,-0.6309733986854553,0,0.7758044600486755,0.6309733986854553,9.919908450228831e-9,0,35.20243835449219,28.63067054748535,0,1]},{"uuid":"0702cfff-a07c-4d9d-8ecd-331c7c423956","name":"KeyLight","type":"DirectionalLight","color":16776180,"intensity":1,"castShadow":true,"shadowBias":0,"shadowDarkness":0.1,"shadowCameraNear":11.8081,"shadowCameraFar":47.2325,"shadowMapWidth":1024,"shadowMapHeight":1024,"shadowCameraLeft":-2.0452,"shadowCameraRight":2.0452,"shadowCameraTop":2.0452,"shadowCameraBottom":-2.0452,"matrix":[0.8176450133323669,0.22988826036453247,0.5278332829475403,0,0.22988823056221008,0.7101882696151733,-0.6654201745986938,0,-0.5278332829475403,0.6654201745986938,0.5278332829475403,0,-12.46544075012207,15.714726448059082,12.46544075012207,1]}]},{"uuid":"f1d3b33d-925f-415c-991d-9e314b8d6077","name":"CameraPreset","type":"Mesh","geometry":"fa92b011-9b12-4d7f-b379-ded5f4e2f675","material":"8C321416-F8E6-4F47-8776-9C71F64D5EA1","castShadow":false,"receiveShadow":false,"matrix":[1,0,0,0,0,1,0,0,0,0,1,0,-0.11192044615745544,0.5821923017501831,0.005604030564427376,1],"children":[{"uuid":"bee15da0-1a67-4fb6-bae4-a373b72bd33f","name":"TurnTableCamera","type":"PerspectiveCamera","fov":45,"aspect":1.7778,"near":0.1,"far":50000,"matrix":[0.8660253882408142,-9.664687938837346e-10,0.5,0,0.25,0.8660253882408142,-0.4330126941204071,0,-0.4330126941204071,0.5,0.75,0,-1.0077999830245972,1.1639000177383423,1.745300054550171,1]}]},{"uuid":"7bd8e605-3ec7-4147-83f3-e840f579c2e6","name":"DirectionalLight","type":"DirectionalLight","color":16777215,"intensity":1,"castShadow":true,"shadowBias":0,"shadowDarkness":0.7,"shadowCameraNear":0.1,"shadowCameraFar":1000,"shadowMapWidth":512,"shadowMapHeight":512,"shadowCameraLeft":-500,"shadowCameraRight":500,"shadowCameraTop":500,"shadowCameraBottom":-500,"matrix":[1,0,0,0,0,1,0,0,0,0,1,0,0,0,0,1]}]},"images":[],"textures":[]}